Start board:
[[1 1 1 1 1]
 [1 1 1 1 1]
 [1 1 0 1 1]
 [1 1 1 1 1]
 [1 1 1 1 1]]

No solutions found!
Runtime: 112.125211084 seconds

=================================================================

Start board:
[[1 1 1 1 1]
 [1 1 1 1 1]
 [1 1 1 1 1]
 [1 1 0 1 1]
 [1 1 1 1 1]]

Final board:
[[0 0 0 0 0]
 [0 0 0 0 0]
 [0 0 0 0 0]
 [0 0 0 0 0]
 [0 0 1 0 0]]

Solution:
(1, 2) -> (3, 2)
(1, 0) -> (1, 2)
(0, 2) -> (2, 2)
(0, 0) -> (0, 2)
(0, 3) -> (0, 1)
(1, 4) -> (1, 2)
(2, 2) -> (0, 2)
(0, 1) -> (0, 3)
(0, 4) -> (0, 2)
(2, 0) -> (2, 2)
(2, 3) -> (2, 1)
(3, 4) -> (1, 4)
(4, 0) -> (2, 0)
(2, 0) -> (2, 2)
(4, 1) -> (2, 1)
(2, 1) -> (2, 3)
(3, 3) -> (1, 3)
(1, 4) -> (1, 2)
(0, 2) -> (2, 2)
(4, 3) -> (4, 1)
(2, 2) -> (4, 2)
(4, 1) -> (4, 3)
(4, 4) -> (4, 2)
End states found: 87
Nodes visited: 547
Copies bypassed: 624
Runtime: 0.030019791000000018 seconds

=================================================================

Start board:
[[1 1 1 1 1]
 [1 1 1 1 1]
 [1 1 1 1 1]
 [1 1 1 1 1]
 [1 1 0 1 1]]

Final board:
[[0 0 0 0 0]
 [0 0 0 0 0]
 [0 0 0 0 0]
 [0 0 1 0 0]
 [0 0 0 0 0]]

Solution:
(2, 2) -> (4, 2)
(0, 2) -> (2, 2)
(0, 0) -> (0, 2)
(0, 3) -> (0, 1)
(1, 0) -> (1, 2)
(1, 2) -> (3, 2)
(1, 4) -> (1, 2)
(2, 0) -> (2, 2)
(2, 3) -> (2, 1)
(3, 1) -> (1, 1)
(0, 1) -> (2, 1)
(3, 4) -> (1, 4)
(0, 4) -> (2, 4)
(4, 0) -> (2, 0)
(2, 0) -> (2, 2)
(4, 3) -> (2, 3)
(2, 3) -> (2, 1)
(4, 1) -> (4, 3)
(4, 4) -> (4, 2)
(4, 2) -> (2, 2)
(2, 1) -> (2, 3)
(2, 4) -> (2, 2)
(1, 2) -> (3, 2)
End states found: 561
Nodes visited: 9801
Copies bypassed: 25279
Runtime: 0.594868584 seconds

=================================================================

Start board:
[[1 1 1 1 1]
 [1 1 1 1 1]
 [1 1 1 1 1]
 [1 1 1 1 1]
 [1 0 1 1 1]]

No solutions found!
Runtime: 62.121961917 seconds

=================================================================

Start board:
[[1 1 1 1 1]
 [1 1 1 1 1]
 [1 1 1 1 1]
 [1 0 1 1 1]
 [1 1 1 1 1]]

No solutions found!
Runtime: 38.857285042 seconds

=================================================================

Start board:
[[1 1 1 1 1]
 [1 1 1 1 1]
 [1 1 1 1 1]
 [1 1 1 1 1]
 [0 1 1 1 1]]

No solutions found!
Runtime: 76.875429708 seconds