Start board:

[[1 1 1 1 1]
 [1 1 1 1 1]
 [1 1 0 1 1]
 [1 1 1 1 1]
 [1 1 1 1 1]]

No solutions found!

runtime: 147.409794125 





Start board:

[[1 1 1 1 1]
 [1 1 1 1 1]
 [1 1 1 1 1]
 [1 1 0 1 1]
 [1 1 1 1 1]]

Solution found!

[[0 0 0 0 0]
 [0 0 0 0 0]
 [0 0 0 0 0]
 [0 0 0 0 0]
 [0 0 1 0 0]]

Solution length: 23
Solution:
(3, 4) -> (3, 2)
(4, 2) -> (2, 2)
(4, 2) -> (2, 2)
(3, 2) -> (1, 2)
(3, 2) -> (1, 2)
(3, 2) -> (1, 2)
(3, 4) -> (1, 4)
(4, 2) -> (2, 2)
(4, 2) -> (2, 2)
(4, 2) -> (2, 2)
(4, 1) -> (2, 1)
(4, 3) -> (2, 3)
(4, 3) -> (2, 3)
(4, 3) -> (2, 3)
(4, 3) -> (2, 3)
(4, 3) -> (4, 1)
(4, 3) -> (4, 1)
(4, 3) -> (4, 1)
(4, 3) -> (4, 1)
(4, 3) -> (4, 1)
(3, 2) -> (1, 2)
(4, 2) -> (4, 0)
(4, 4) -> (4, 2)
End states found: 86
Nodes visited: 544
Copies bypassed: 624

runtime: 0.033503249999999984 





Start board:

[[1 1 1 1 1]
 [1 1 1 1 1]
 [1 1 1 1 1]
 [1 1 1 1 1]
 [1 1 0 1 1]]

Solution found!

[[0 0 0 0 0]
 [0 0 0 0 0]
 [0 0 0 0 0]
 [0 0 1 0 0]
 [0 0 0 0 0]]

Solution length: 23
Solution:
(4, 4) -> (4, 2)
(3, 4) -> (3, 2)
(3, 4) -> (3, 2)
(3, 4) -> (3, 2)
(3, 4) -> (3, 2)
(3, 4) -> (3, 2)
(4, 2) -> (2, 2)
(4, 2) -> (2, 2)
(4, 1) -> (2, 1)
(4, 3) -> (2, 3)
(4, 3) -> (2, 3)
(4, 3) -> (2, 3)
(4, 3) -> (2, 3)
(4, 3) -> (2, 3)
(4, 3) -> (2, 3)
(4, 3) -> (2, 3)
(4, 2) -> (4, 0)
(4, 2) -> (4, 0)
(4, 4) -> (4, 2)
(4, 2) -> (2, 2)
(2, 2) -> (2, 0)
(2, 4) -> (2, 2)
(2, 2) -> (0, 2)
End states found: 561
Nodes visited: 9801
Copies bypassed: 25279

runtime: 0.7617219590000001 





Start board:

[[1 1 1 1 1]
 [1 1 1 1 1]
 [1 1 1 1 1]
 [1 1 1 1 1]
 [1 0 1 1 1]]

No solutions found!

runtime: 80.92798154200001 





Start board:

[[1 1 1 1 1]
 [1 1 1 1 1]
 [1 1 1 1 1]
 [1 1 1 1 1]
 [1 1 1 0 1]]

No solutions found!

runtime: 79.164619041 





Start board:

[[1 1 1 1 1]
 [1 1 1 1 1]
 [1 1 1 1 1]
 [1 1 1 1 1]
 [1 1 1 1 0]]

No solutions found!

runtime: 102.928841459 





Start board:

[[1 1 1 1 1]
 [1 1 1 1 1]
 [1 1 1 1 1]
 [1 1 1 0 1]
 [1 1 1 1 1]]

No solutions found!

runtime: 50.018936583 

