Start board:
[[-1 -1  0  1  1 -1 -1]
 [-1  1  1  1  1  1 -1]
 [ 1  1  1  1  1  1  1]
 [ 1  1  1  1  1  1  1]
 [ 1  1  1  1  1  1  1]
 [-1  1  1  1  1  1 -1]
 [-1 -1  1  1  1 -1 -1]]

Final board:
[[-1 -1  0  0  0 -1 -1]
 [-1  0  0  0  0  0 -1]
 [ 0  0  0  0  0  0  0]
 [ 0  0  0  0  0  0  0]
 [ 0  0  0  0  0  0  0]
 [-1  0  0  0  0  0 -1]
 [-1 -1  0  0  1 -1 -1]]

Solution:
(0, 4) -> (0, 2)
(2, 3) -> (0, 3)
(0, 2) -> (0, 4)
(1, 1) -> (1, 3)
(1, 4) -> (1, 2)
(2, 1) -> (2, 3)
(2, 4) -> (2, 2)
(2, 6) -> (2, 4)
(3, 4) -> (1, 4)
(0, 4) -> (2, 4)
(3, 2) -> (3, 4)
(1, 2) -> (3, 2)
(3, 4) -> (1, 4)
(1, 5) -> (1, 3)
(3, 6) -> (3, 4)
(4, 1) -> (2, 1)
(2, 0) -> (2, 2)
(3, 2) -> (1, 2)
(1, 2) -> (1, 4)
(4, 3) -> (4, 1)
(4, 0) -> (4, 2)
(4, 4) -> (2, 4)
(1, 4) -> (3, 4)
(4, 6) -> (4, 4)
(6, 3) -> (4, 3)
(4, 3) -> (4, 1)
(5, 1) -> (3, 1)
(3, 0) -> (3, 2)
(5, 5) -> (5, 3)
(3, 4) -> (5, 4)
(6, 2) -> (4, 2)
(3, 2) -> (5, 2)
(6, 4) -> (4, 4)
(5, 2) -> (5, 4)
(4, 4) -> (6, 4)
End states found: 248486
Nodes visited: 20838029
Copies bypassed: 98706241
Runtime: 3020.220227667 seconds