Start board:

[[2 2 0 1 1 2 2],
 [2 1 1 1 1 1 2],
 [1 1 1 1 1 1 1],
 [1 1 1 1 1 1 1],
 [1 1 1 1 1 1 1],
 [2 1 1 1 1 1 2],
 [2 2 1 1 1 2 2]]

Solution found!

[[2 2 0 0 0 2 2]
 [2 0 0 0 0 0 2]
 [2 0 0 0 0 0 0]
 [2 0 0 0 0 0 0]
 [2 0 0 0 0 0 0]
 [2 0 0 0 0 0 2]
 [2 2 0 0 1 2 2]]

Solution length: 35
Solution:
(2, 2) -> (0, 2)
(2, 4) -> (0, 4)
(4, 3) -> (2, 3)
(4, 3) -> (2, 3)
(4, 3) -> (2, 3)
(4, 3) -> (2, 3)
(4, 2) -> (2, 2)
(4, 4) -> (2, 4)
(4, 6) -> (2, 6)
(5, 4) -> (3, 4)
(5, 4) -> (3, 4)
(5, 3) -> (3, 3)
(5, 3) -> (3, 3)
(5, 4) -> (3, 4)
(5, 4) -> (3, 4)
(5, 5) -> (3, 5)
(5, 5) -> (3, 5)
(5, 5) -> (3, 5)
(5, 5) -> (3, 5)
(5, 5) -> (3, 5)
(6, 3) -> (4, 3)
(6, 3) -> (4, 3)
(6, 4) -> (4, 4)
(6, 4) -> (4, 4)
(6, 3) -> (4, 3)
(5, 5) -> (5, 3)
(6, 2) -> (4, 2)
(6, 2) -> (4, 2)
(6, 2) -> (4, 2)
(6, 2) -> (4, 2)
(6, 4) -> (4, 4)
(6, 4) -> (4, 4)
(6, 4) -> (4, 4)
(5, 3) -> (5, 1)
(5, 4) -> (3, 4)


End states found: 248486
Nodes visited: 20838029
Copies bypassed: 98706242
runtime: 3238.491240375 